246 249 249 246 239 236 236 236 248 249 249 247 239 236 236 240
249 255 255 249 234 229 229 228 254 255 255 251 234 229 229 236
249   0   0 249 234 229   0   0 254 255 255   0   0 229 229 236
246 250   0 246 237 234   0   0 249 249 249   0  61 235 234 239
239 234   0 237 248 254   0   0   1 234 234   0 248 251 251 247
236 229   0   0 251   0   0 254   0 230 225   0 249 255 255 249
236 229   0   0 251   0 255 254   0 230   0   0 249 255 255 249
236 228 229   0 251   0 254 253   0 230   0 167 249 254 254 248
248 254 254   0 134   0 229 229   0   0   0 251 234 229 228 236
249 255 255   0   0 161 230 229 254   0   0 251 235 229 229 236
249 255 255  40   0 229 230 229 254   0   0 251 234 229 229 236
247 251 251 248 237 234 234 234 251 251 251 248 237 234 234 239
239 234 235 238 248 249 249 249 234 235 234 237 246 249 249 246
236 229 229 235 251 255 255 254 229 229 229 234 249 255 255 249
236 229 229 234 251 255 255 254 228 229 229 234 249 255 255 249
240 236 236 239 247 249 249 248 236 236 236 239 246 249 249 246
246 249 249 246 239 236 236 236 248 249 249 247 239 236 236 240
249 255 255 249 234 229 229 228 254 255 255 251 234 229 229 236
249   0   0 249 234 229   0   0 254 255 255   0   0 229 229 236
246 250   0 246 237 234   0   0 249 249 249   0  61 235 234 239
239 234   0 237 248 254   0   0   1 234 234   0 248 251 251 247
236 229   0   0 251   0   0 254   0 230 225   0 249 255 255 249
236 229   0   0 251   0 255 254   0 230   0   0 249 255 255 249
236 228 229   0 251   0 254 253   0 230   0 167 249 254 254 248
248 254 254   0 134   0 229 229   0   0   0 251 234 229 228 236
249 255 255   0   0 161 230 229 254   0   0 251 235 229 229 236
249 255 255  40   0 229 230 229 254   0   0 251 234 229 229 236
247 251 251 248 237 234 234 234 251 251 251 248 237 234 234 239
239 234 235 238 248 249 249 249 234 235 234 237 246 249 249 246
236 229 229 235 251 255 255 254 229 229 229 234 249 255 255 249
236 229 229 234 251 255 255 254 228 229 229 234 249 255 255 249
240 236 236 239 247 249 249 248 236 236 236 239 246 249 249 246
246 249 249 246 239 236 236 236 248 249 249 247 239 236 236 240
249 255 255 249 234 229 229 228 254 255 255 251 234 229 229 236
249   0   0 249 234 229   0   0 254 255 255   0   0 229 229 236
246 250   0 246 237 234   0   0 249 249 249   0  61 235 234 239
239 234   0 237 248 254   0   0   1 234 234   0 248 251 251 247
236 229   0   0 251   0   0 254   0 230 225   0 249 255 255 249
236 229   0   0 251   0 255 254   0 230   0   0 249 255 255 249
236 228 229   0 251   0 254 253   0 230   0 167 249 254 254 248
248 254 254   0 134   0 229 229   0   0   0 251 234 229 228 236
249 255 255   0   0 161 230 229 254   0   0 251 235 229 229 236
249 255 255  40   0 229 230 229 254   0   0 251 234 229 229 236
247 251 251 248 237 234 234 234 251 251 251 248 237 234 234 239
239 234 235 238 248 249 249 249 234 235 234 237 246 249 249 246
236 229 229 235 251 255 255 254 229 229 229 234 249 255 255 249
236 229 229 234 251 255 255 254 228 229 229 234 249 255 255 249
240 236 236 239 247 249 249 248 236 236 236 239 246 249 249 246

240 236 236 239 247 249 249 248 236 236 236 239 246 249 249 246
236 229 229 234 251 255 255 254 228 229 229 234 249 255 255 249
236 229 229 235 251 255 255 254 229 229 229 234 249 255 255 249
239 234   0  61 248 249 249 249 234 235 234 237 246 249 249 246
247 251   0   0   0   0   0 167 251 251 251 248 237 234 234 239
249 255 255 249 234 225   0   0   0   0   0 251 234 229 229 236
249 255 255 249 234 230 230 230   0   0   0 251 235 229 229 236
248 254 254 249   1   0   0   0   0 254 254 251 234 229 228 236
236 228   0   0   0 254 254 253 229 229 229 234 249 254 254 248
236 229   0   0   0   0 255 254 229 230 230 234 249 255 255 249
236 229 229 234 254   0   0   0   0 161 229 234 249 255 255 249
239 234 234 237 248 251 251 251 134   0   0 237 248 251 251 247
246 249 249 246 237   0   0   0   0   0  40 248 238 235 234 239
249 255   0   0   0   0   0 229 254 255 255 251 235 229 229 236
249 255   0 250 234 229 229 228 254 255 255 251 234 229 229 236
246 249 249 246 239 236 236 236 248 249 249 247 239 236 236 240
240 236 236 239 247 249 249 248 236 236 236 239 246 249 249 246
236 229 229 234 251 255 255 254 228 229 229 234 249 255 255 249
236 229 229 235 251 255 255 254 229 229 229 234 249 255 255 249
239 234   0  61 248 249 249 249 234 235 234 237 246 249 249 246
247 251   0   0   0   0   0 167 251 251 251 248 237 234 234 239
249 255 255 249 234 225   0   0   0   0   0 251 234 229 229 236
249 255 255 249 234 230 230 230   0   0   0 251 235 229 229 236
248 254 254 249   1   0   0   0   0 254 254 251 234 229 228 236
236 228   0   0   0 254 254 253 229 229 229 234 249 254 254 248
236 229   0   0   0   0 255 254 229 230 230 234 249 255 255 249
236 229 229 234 254   0   0   0   0 161 229 234 249 255 255 249
239 234 234 237 248 251 251 251 134   0   0 237 248 251 251 247
246 249 249 246 237   0   0   0   0   0  40 248 238 235 234 239
249 255   0   0   0   0   0 229 254 255 255 251 235 229 229 236
249 255   0 250 234 229 229 228 254 255 255 251 234 229 229 236
246 249 249 246 239 236 236 236 248 249 249 247 239 236 236 240
240 236 236 239 247 249 249 248 236 236 236 239 246 249 249 246
236 229 229 234 251 255 255 254 228 229 229 234 249 255 255 249
236 229 229 235 251 255 255 254 229 229 229 234 249 255 255 249
239 234   0  61 248 249 249 249 234 235 234 237 246 249 249 246
247 251   0   0   0   0   0 167 251 251 251 248 237 234 234 239
249 255 255 249 234 225   0   0   0   0   0 251 234 229 229 236
249 255 255 249 234 230 230 230   0   0   0 251 235 229 229 236
248 254 254 249   1   0   0   0   0 254 254 251 234 229 228 236
236 228   0   0   0 254 254 253 229 229 229 234 249 254 254 248
236 229   0   0   0   0 255 254 229 230 230 234 249 255 255 249
236 229 229 234 254   0   0   0   0 161 229 234 249 255 255 249
239 234 234 237 248 251 251 251 134   0   0 237 248 251 251 247
246 249 249 246 237   0   0   0   0   0  40 248 238 235 234 239
249 255   0   0   0   0   0 229 254 255 255 251 235 229 229 236
249 255   0 250 234 229 229 228 254 255 255 251 234 229 229 236
246 249 249 246 239 236 236 236 248 249 249 247 239 236 236 240

241 241 240 240 240 241 241 241 241 241 241 242 242 241 241 241
241 241 241 240 240 241 241 241 241 241 241 241 241 241 241 241
240 241 242 243 243 241 240 241 241 241 241 239 239 240 241 241
240 240 243 246 245 241 240 240 241 242 240 237 236 240 241 242
240 240 243 245 244 241 240 240 241 242 241 238 237 240 241 242
241 241 241 241 241 117  85 237 241 241 194  81 114 241 241 241
241 241 240 240 240  11   0 177 241 241 104   0  37 242 241 241
241 241 241 240 190   0  42  77 240 241  69  12   8 239 241 241
241 241 241 241  88  23 165  22 237 235   5 167   0 204 241 241
241 241 242 242  60  93 198   8 230 182  12 239   7  66 241 241
241 241 241 238   8 134 235  11 176  83  77 241 113   0 234 241
242 241 239 205   0 210 242  84  70  41 145 244 202   0 212 240
242 241 239  61   8 237 242 185   1   6 186 245 221   0 169 240
241 241 239  26 121 241 241 222   5  12 240 243 242  14  87 241
241 241 241 219 233 241 241 239 217 220 241 240 240 219 220 241
241 241 241 242 242 241 241 241 241 241 241 240 240 241 241 241
241 241 240 240 240 241 241 241 241 241 241 242 242 241 241 241
241 241 241 240 240 241 241 241 241 241 241 241 241 241 241 241
240 241 242 243 243 241 240 241 241 241 241 239 239 240 241 241
240 240 243 246 245 241 240 240 241 242 240 237 236 240 241 242
240 240 243 245 244 241 240 240 241 242 241 238 237 240 241 242
241 241 241 241 241 117  85 237 241 241 194  81 114 241 241 241
241 241 240 240 240  11   0 177 241 241 104   0  37 242 241 241
241 241 241 240 190   0  42  77 240 241  69  12   8 239 241 241
241 241 241 241  88  23 165  22 237 235   5 167   0 204 241 241
241 241 242 242  60  93 198   8 230 182  12 239   7  66 241 241
241 241 241 238   8 134 235  11 176  83  77 241 113   0 234 241
242 241 239 205   0 210 242  84  70  41 145 244 202   0 212 240
242 241 239  61   8 237 242 185   1   6 186 245 221   0 169 240
241 241 239  26 121 241 241 222   5  12 240 243 242  14  87 241
241 241 241 219 233 241 241 239 217 220 241 240 240 219 220 241
241 241 241 242 242 241 241 241 241 241 241 240 240 241 241 241
241 241 240 240 240 241 241 241 241 241 241 242 242 241 241 241
241 241 241 240 240 241 241 241 241 241 241 241 241 241 241 241
240 241 242 243 243 241 240 241 241 241 241 239 239 240 241 241
240 240 243 246 245 241 240 240 241 242 240 237 236 240 241 242
240 240 243 245 244 241 240 240 241 242 241 238 237 240 241 242
241 241 241 241 241 117  85 237 241 241 194  81 114 241 241 241
241 241 240 240 240  11   0 177 241 241 104   0  37 242 241 241
241 241 241 240 190   0  42  77 240 241  69  12   8 239 241 241
241 241 241 241  88  23 165  22 237 235   5 167   0 204 241 241
241 241 242 242  60  93 198   8 230 182  12 239   7  66 241 241
241 241 241 238   8 134 235  11 176  83  77 241 113   0 234 241
242 241 239 205   0 210 242  84  70  41 145 244 202   0 212 240
242 241 239  61   8 237 242 185   1   6 186 245 221   0 169 240
241 241 239  26 121 241 241 222   5  12 240 243 242  14  87 241
241 241 241 219 233 241 241 239 217 220 241 240 240 219 220 241
241 241 241 242 242 241 241 241 241 241 241 240 240 241 241 241

241 242 241 242 242 241 241 241 242 242 241 241 241 241 242 241
242 241 242 242 242 242 241 241 241 242 233 208 164  86 217 242
241 242 241 240 240 241 241 234 199  68   0   0   3  21 217 241
242 242 240 237 237 115  31   7   0   8 114 210 226 243 241 241
242 242 240 237 238  86   0  11 164 239 242 245 245 243 241 241
241 242 241 241 241 199 112  75   7  12  72 139 182 240 241 241
241 241 241 242 242 242 241 241 236 187  92  47   8  12 217 242
241 241 242 242 242 241 241 241 236 225 172  69   2   8 214 242
242 241 241 240 241 237 177  73  17   6  11  86 191 227 240 241
242 242 241 240 240  91   0  41 171 202 235 242 242 241 241 241
241 241 241 242 242 124  12   0  21  86 127 208 237 241 242 241
241 241 243 245 245 242 240 195  97  67  10   0   7 114 231 242
241 241 243 246 245 242 240 240 242 242 239 208  69  34 217 242
241 241 242 243 243 241 241 241 242 242 241 240 240 240 241 241
242 242 241 241 241 241 242 241 241 241 242 242 242 242 241 242
241 242 241 241 241 241 242 242 241 241 241 242 242 241 242 241
241 242 241 242 242 241 241 241 242 242 241 241 241 241 242 241
242 241 242 242 242 242 241 241 241 242 233 208 164  86 217 242
241 242 241 240 240 241 241 234 199  68   0   0   3  21 217 241
242 242 240 237 237 115  31   7   0   8 114 210 226 243 241 241
242 242 240 237 238  86   0  11 164 239 242 245 245 243 241 241
241 242 241 241 241 199 112  75   7  12  72 139 182 240 241 241
241 241 241 242 242 242 241 241 236 187  92  47   8  12 217 242
241 241 242 242 242 241 241 241 236 225 172  69   2   8 214 242
242 241 241 240 241 237 177  73  17   6  11  86 191 227 240 241
242 242 241 240 240  91   0  41 171 202 235 242 242 241 241 241
241 241 241 242 242 124  12   0  21  86 127 208 237 241 242 241
241 241 243 245 245 242 240 195  97  67  10   0   7 114 231 242
241 241 243 246 245 242 240 240 242 242 239 208  69  34 217 242
241 241 242 243 243 241 241 241 242 242 241 240 240 240 241 241
242 242 241 241 241 241 242 241 241 241 242 242 242 242 241 242
241 242 241 241 241 241 242 242 241 241 241 242 242 241 242 241
241 242 241 242 242 241 241 241 242 242 241 241 241 241 242 241
242 241 242 242 242 242 241 241 241 242 233 208 164  86 217 242
241 242 241 240 240 241 241 234 199  68   0   0   3  21 217 241
242 242 240 237 237 115  31   7   0   8 114 210 226 243 241 241
242 242 240 237 238  86   0  11 164 239 242 245 245 243 241 241
241 242 241 241 241 199 112  75   7  12  72 139 182 240 241 241
241 241 241 242 242 242 241 241 236 187  92  47   8  12 217 242
241 241 242 242 242 241 241 241 236 225 172  69   2   8 214 242
242 241 241 240 241 237 177  73  17   6  11  86 191 227 240 241
242 242 241 240 240  91   0  41 171 202 235 242 242 241 241 241
241 241 241 242 242 124  12   0  21  86 127 208 237 241 242 241
241 241 243 245 245 242 240 195  97  67  10   0   7 114 231 242
241 241 243 246 245 242 240 240 242 242 239 208  69  34 217 242
241 241 242 243 243 241 241 241 242 242 241 240 240 240 241 241
242 242 241 241 241 241 242 241 241 241 242 242 242 242 241 242
241 242 241 241 241 241 242 242 241 241 241 242 242 241 242 241
