255 255 238 238 255 255 238 238 255 255 238 238 255 255 238 238
255 255 238 238 255 255 238 238 255 255 238 238 255 255 238 238
238 238 255 255   0   0 255 255 238 238 255 255 238 238 255 255
238 238 255 255   0   0 255 255 238 238 255 255 238 238 255 255
255 255 238 238   0   0 238 238 255 255 238 238 255 255 238 238
255 255 238 238   0   0 238 238 255 255 238 238 255 255 238 238
238 238 255 255   0   0 255 255 238 238 255 255 238 238 255 255
238 238 255 255   0   0 255 255 238 238 255 255 238 238 255 255
255 255 238 238   0   0 238 238 255 255 238 238 255 255 238 238
255 255 238 238   0   0 238 238 255 255 238 238 255 255 238 238
238 238 255 255   0   0 255 255 238 238 255 255 238 238 255 255
238 238 255 255   0   0 255 255 238 238 255 255 238 238 255 255
255 255 238 238   0   0   0   0   0   0   0 237 255 255 238 238
255 255 238 238   0   0   0   0   0   0   0 237 255 255 238 238
238 238 255 255 238 238 255 255 238 238 255 255 238 238 255 255
238 238 255 255 238 238 255 255 238 238 255 255 238 238 255 255
255 255 238 238 255 255 238 238 255 255 238 238 255 255 238 238
255 255 238 238 255 255 238 238 255 255 238 238 255 255 238 238
238 238 255 255   0   0 255 255 238 238 255 255 238 238 255 255
238 238 255 255   0   0 255 255 238 238 255 255 238 238 255 255
255 255 238 238   0   0 238 238 255 255 238 238 255 255 238 238
255 255 238 238   0   0 238 238 255 255 238 238 255 255 238 238
238 238 255 255   0   0 255 255 238 238 255 255 238 238 255 255
238 238 255 255   0   0 255 255 238 238 255 255 238 238 255 255
255 255 238 238   0   0 238 238 255 255 238 238 255 255 238 238
255 255 238 238   0   0 238 238 255 255 238 238 255 255 238 238
238 238 255 255   0   0 255 255 238 238 255 255 238 238 255 255
238 238 255 255   0   0 255 255 238 238 255 255 238 238 255 255
255 255 238 238   0   0   0   0   0   0   0 237 255 255 238 238
255 255 238 238   0   0   0   0   0   0   0 237 255 255 238 238
238 238 255 255 238 238 255 255 238 238 255 255 238 238 255 255
238 238 255 255 238 238 255 255 238 238 255 255 238 238 255 255
255 255 238 238 255 255 238 238 255 255 238 238 255 255 238 238
255 255 238 238 255 255 238 238 255 255 238 238 255 255 238 238
238 238 255 255   0   0 255 255 238 238 255 255 238 238 255 255
238 238 255 255   0   0 255 255 238 238 255 255 238 238 255 255
255 255 238 238   0   0 238 238 255 255 238 238 255 255 238 238
255 255 238 238   0   0 238 238 255 255 238 238 255 255 238 238
238 238 255 255   0   0 255 255 238 238 255 255 238 238 255 255
238 238 255 255   0   0 255 255 238 238 255 255 238 238 255 255
255 255 238 238   0   0 238 238 255 255 238 238 255 255 238 238
255 255 238 238   0   0 238 238 255 255 238 238 255 255 238 238
238 238 255 255   0   0 255 255 238 238 255 255 238 238 255 255
238 238 255 255   0   0 255 255 238 238 255 255 238 238 255 255
255 255 238 238   0   0   0   0   0   0   0 237 255 255 238 238
255 255 238 238   0   0   0   0   0   0   0 237 255 255 238 238
238 238 255 255 238 238 255 255 238 238 255 255 238 238 255 255
238 238 255 255 238 238 255 255 238 238 255 255 238 238 255 255

238 238 255 255 238 238 255 255 238 238 255 255 238 238 255 255
238 238 255 255 238 238 255 255 238 238 255 255 238 238 255 255
255 255 238 238 255 255 238 238 255 255 238 238 255 255 238 238
255 255 238 238 255 255 238 238 255 255 238 238 255 255 238 238
238 238 255 255 238 238 255 255 238 238 255 255 237 237 255 255
238 238 255 255 238 238 255 255 238 238 255 255   0   0 255 255
255 255 238 238 255 255 238 238 255 255 238 238   0   0 238 238
255 255 238 238 255 255 238 238 255 255 238 238   0   0 238 238
238 238 255 255 238 238 255 255 238 238 255 255   0   0 255 255
238 238 255 255 238 238 255 255 238 238 255 255   0   0 255 255
255 255   0   0   0   0   0   0   0   0   0   0   0   0 238 238
255 255   0   0   0   0   0   0   0   0   0   0   0   0 238 238
238 238 255 255 238 238 255 255 238 238 255 255 238 238 255 255
238 238 255 255 238 238 255 255 238 238 255 255 238 238 255 255
255 255 238 238 255 255 238 238 255 255 238 238 255 255 238 238
255 255 238 238 255 255 238 238 255 255 238 238 255 255 238 238
238 238 255 255 238 238 255 255 238 238 255 255 238 238 255 255
238 238 255 255 238 238 255 255 238 238 255 255 238 238 255 255
255 255 238 238 255 255 238 238 255 255 238 238 255 255 238 238
255 255 238 238 255 255 238 238 255 255 238 238 255 255 238 238
238 238 255 255 238 238 255 255 238 238 255 255 237 237 255 255
238 238 255 255 238 238 255 255 238 238 255 255   0   0 255 255
255 255 238 238 255 255 238 238 255 255 238 238   0   0 238 238
255 255 238 238 255 255 238 238 255 255 238 238   0   0 238 238
238 238 255 255 238 238 255 255 238 238 255 255   0   0 255 255
238 238 255 255 238 238 255 255 238 238 255 255   0   0 255 255
255 255   0   0   0   0   0   0   0   0   0   0   0   0 238 238
255 255   0   0   0   0   0   0   0   0   0   0   0   0 238 238
238 238 255 255 238 238 255 255 238 238 255 255 238 238 255 255
238 238 255 255 238 238 255 255 238 238 255 255 238 238 255 255
255 255 238 238 255 255 238 238 255 255 238 238 255 255 238 238
255 255 238 238 255 255 238 238 255 255 238 238 255 255 238 238
238 238 255 255 238 238 255 255 238 238 255 255 238 238 255 255
238 238 255 255 238 238 255 255 238 238 255 255 238 238 255 255
255 255 238 238 255 255 238 238 255 255 238 238 255 255 238 238
255 255 238 238 255 255 238 238 255 255 238 238 255 255 238 238
238 238 255 255 238 238 255 255 238 238 255 255 237 237 255 255
238 238 255 255 238 238 255 255 238 238 255 255   0   0 255 255
255 255 238 238 255 255 238 238 255 255 238 238   0   0 238 238
255 255 238 238 255 255 238 238 255 255 238 238   0   0 238 238
238 238 255 255 238 238 255 255 238 238 255 255   0   0 255 255
238 238 255 255 238 238 255 255 238 238 255 255   0   0 255 255
255 255   0   0   0   0   0   0   0   0   0   0   0   0 238 238
255 255   0   0   0   0   0   0   0   0   0   0   0   0 238 238
238 238 255 255 238 238 255 255 238 238 255 255 238 238 255 255
238 238 255 255 238 238 255 255 238 238 255 255 238 238 255 255
255 255 238 238 255 255 238 238 255 255 238 238 255 255 238 238
255 255 238 238 255 255 238 238 255 255 238 238 255 255 238 238

246 246 244 244 246 246 245 245 246 247 245 245 247 247 245 245
246 247 244 244 245 246 245 244 246 247 245 245 247 247 244 245
244 244 248 249 148  65  65  64  64  64  65  87 242 241 246 247
244 244 249 251 129  27  27  27  27  27   9  30 242 241 247 248
246 245 245 245 245 245 245 245 246 245  86  30 246 246 245 245
246 246 244 244 245 246 245 245 246 246  86  30 246 247 244 245
245 245 248 249 246 245 247 247 244 244  87  30 243 243 246 247
245 244 248 248 245 245 247 246 244 244  87  30 243 243 246 247
246 246 243 243 246 246 244 244 246 248  85  30 248 248 244 244
247 247 243 242 245 246 244 244 248 248  85  30 249 249 244 244
245 245 246 246 245 245 246 246 245 245  87  30 245 244 246 246
245 245 246 246 245 245 246 246 245 245  87  30 245 245 246 246
247 247 242 242 246 246 243 243 248 249  85  30 250 249 244 244
247 247 241 241 246 247 243 243 248 249  85  30 249 250 244 243
245 244 246 247 245 244 246 246 244 244 233 228 244 244 247 246
245 245 247 248 245 245 247 247 244 244 246 246 244 243 246 247
246 246 244 244 246 246 245 245 246 247 245 245 247 247 245 245
246 247 244 244 245 246 245 244 246 247 245 245 247 247 244 245
244 244 248 249 148  65  65  64  64  64  65  87 242 241 246 247
244 244 249 251 129  27  27  27  27  27   9  30 242 241 247 248
246 245 245 245 245 245 245 245 246 245  86  30 246 246 245 245
246 246 244 244 245 246 245 245 246 246  86  30 246 247 244 245
245 245 248 249 246 245 247 247 244 244  87  30 243 243 246 247
245 244 248 248 245 245 247 246 244 244  87  30 243 243 246 247
246 246 243 243 246 246 244 244 246 248  85  30 248 248 244 244
247 247 243 242 245 246 244 244 248 248  85  30 249 249 244 244
245 245 246 246 245 245 246 246 245 245  87  30 245 244 246 246
245 245 246 246 245 245 246 246 245 245  87  30 245 245 246 246
247 247 242 242 246 246 243 243 248 249  85  30 250 249 244 244
247 247 241 241 246 247 243 243 248 249  85  30 249 250 244 243
245 244 246 247 245 244 246 246 244 244 233 228 244 244 247 246
245 245 247 248 245 245 247 247 244 244 246 246 244 243 246 247
246 246 244 244 246 246 245 245 246 247 245 245 247 247 245 245
246 247 244 244 245 246 245 244 246 247 245 245 247 247 244 245
244 244 248 249 148  65  65  64  64  64  65  87 242 241 246 247
244 244 249 251 129  27  27  27  27  27   9  30 242 241 247 248
246 245 245 245 245 245 245 245 246 245  86  30 246 246 245 245
246 246 244 244 245 246 245 245 246 246  86  30 246 247 244 245
245 245 248 249 246 245 247 247 244 244  87  30 243 243 246 247
245 244 248 248 245 245 247 246 244 244  87  30 243 243 246 247
246 246 243 243 246 246 244 244 246 248  85  30 248 248 244 244
247 247 243 242 245 246 244 244 248 248  85  30 249 249 244 244
245 245 246 246 245 245 246 246 245 245  87  30 245 244 246 246
245 245 246 246 245 245 246 246 245 245  87  30 245 245 246 246
247 247 242 242 246 246 243 243 248 249  85  30 250 249 244 244
247 247 241 241 246 247 243 243 248 249  85  30 249 250 244 243
245 244 246 247 245 244 246 246 244 244 233 228 244 244 247 246
245 245 247 248 245 245 247 247 244 244 246 246 244 243 246 247

245 245 247 248 245 245 247 247 245 245 246 246 244 244 247 247
245 245 247 248 245 245 247 247 245 245 246 246 244 244 247 247
247 247 242 242 246 247 243 243 249 249 244 245 250 249 244 244
248 248 242 242 247 247 243 243 249 250 245 245 251 250 244 244
245 245  87  28  28  28  28  28  28  28  28  28  28  28 226 246
245 245  67  10  93  92  94  94  92  92  93  93  91  92 232 246
247 247  67  26 246 246 244 244 248 248 245 246 250 249 245 245
247 247  67  26 246 246 244 244 247 248 245 245 249 249 245 245
245 245  67  26 245 245 248 247 244 244 246 246 243 243 247 247
245 245  68  26 246 245 248 248 244 244 246 246 243 243 247 247
246 246  67  26 245 246 245 245 246 246 245 245 247 247 245 245
246 246 154 134 245 245 246 245 246 246 245 246 247 246 245 245
244 244 250 251 245 245 250 249 243 243 247 247 242 242 248 248
244 244 249 250 245 244 249 249 243 243 247 246 242 242 247 247
247 247 244 244 246 246 245 245 247 247 245 245 248 247 245 245
247 247 244 244 246 246 245 245 247 247 245 245 248 247 245 245
245 245 247 248 245 245 247 247 245 245 246 246 244 244 247 247
245 245 247 248 245 245 247 247 245 245 246 246 244 244 247 247
247 247 242 242 246 247 243 243 249 249 244 245 250 249 244 244
248 248 242 242 247 247 243 243 249 250 245 245 251 250 244 244
245 245  87  28  28  28  28  28  28  28  28  28  28  28 226 246
245 245  67  10  93  92  94  94  92  92  93  93  91  92 232 246
247 247  67  26 246 246 244 244 248 248 245 246 250 249 245 245
247 247  67  26 246 246 244 244 247 248 245 245 249 249 245 245
245 245  67  26 245 245 248 247 244 244 246 246 243 243 247 247
245 245  68  26 246 245 248 248 244 244 246 246 243 243 247 247
246 246  67  26 245 246 245 245 246 246 245 245 247 247 245 245
246 246 154 134 245 245 246 245 246 246 245 246 247 246 245 245
244 244 250 251 245 245 250 249 243 243 247 247 242 242 248 248
244 244 249 250 245 244 249 249 243 243 247 246 242 242 247 247
247 247 244 244 246 246 245 245 247 247 245 245 248 247 245 245
247 247 244 244 246 246 245 245 247 247 245 245 248 247 245 245
245 245 247 248 245 245 247 247 245 245 246 246 244 244 247 247
245 245 247 248 245 245 247 247 245 245 246 246 244 244 247 247
247 247 242 242 246 247 243 243 249 249 244 245 250 249 244 244
248 248 242 242 247 247 243 243 249 250 245 245 251 250 244 244
245 245  87  28  28  28  28  28  28  28  28  28  28  28 226 246
245 245  67  10  93  92  94  94  92  92  93  93  91  92 232 246
247 247  67  26 246 246 244 244 248 248 245 246 250 249 245 245
247 247  67  26 246 246 244 244 247 248 245 245 249 249 245 245
245 245  67  26 245 245 248 247 244 244 246 246 243 243 247 247
245 245  68  26 246 245 248 248 244 244 246 246 243 243 247 247
246 246  67  26 245 246 245 245 246 246 245 245 247 247 245 245
246 246 154 134 245 245 246 245 246 246 245 246 247 246 245 245
244 244 250 251 245 245 250 249 243 243 247 247 242 242 248 248
244 244 249 250 245 244 249 249 243 243 247 246 242 242 247 247
247 247 244 244 246 246 245 245 247 247 245 245 248 247 245 245
247 247 244 244 246 246 245 245 247 247 245 245 248 247 245 245
